fp_mc_QoiSeq_unified = zeros(1,416);
fp_mc_QoiSeq_unified = [2.0595395900000000e+08 8.2010000000000000e+03 8.2010000000000000e+03 2.9639000000000000e+04 9.9956000000000000e-01 2.2000000000000001e-04 2.2000000000000001e-04 8.2010000000000000e+03 2.0592711566389129e+08 1.7948148907847761e+04 1.5257690505949366e+04 3.9678496695023627e+04 9.9973288353784240e-01 7.9795520403775876e-05 1.8732094175380367e-04 2.5297187200972985e+04 2.0590668898137563e+08 1.7069644708023476e+04 2.0358549103145619e+04 5.5882824813307387e+04 9.9980441339334924e-01 5.9559298081385594e-05 1.3602730856928548e-04 4.6602373916452991e+04 2.0589148449853727e+08 1.3897854106596489e+04 2.0397694452202009e+04 7.4219952904034682e+04 9.9983601864334559e-01 5.8480038288526730e-05 1.0550131836584797e-04 6.4978647356236674e+04 2.0587922199253801e+08 1.1300050010965548e+04 1.8117882512062544e+04 9.1360074939081780e+04 9.9985704048712121e-01 5.4814190829619062e-05 8.8145322049135925e-05 7.9838957451144292e+04 2.0586879149289578e+08 9.4697030907089011e+03 1.5497929377812492e+04 1.0624087463579416e+05 9.9987566374714931e-01 4.8437370349471824e-05 7.5898882501220454e-05 9.2099804013606627e+04 2.0585978398723027e+08 8.0911683263594123e+03 1.3199805035951887e+04 1.1892503940751865e+05 9.9989271296502835e-01 4.1696212964216183e-05 6.5590822007454387e-05 1.0248584444347050e+05 2.0585201130041587e+08 6.9559628387652801e+03 1.1285635852560627e+04 1.2974710089290053e+05 9.9990781795041717e-01 3.5677994614419150e-05 5.6504054968441602e-05 1.1139373674546112e+05 2.0584532478078213e+08 5.9815946389671699e+03 9.6784429815105705e+03 1.3901518159748171e+05 9.9992089009347862e-01 3.0555171519144734e-05 4.8554735002233999e-05 1.1905462457899224e+05 2.0583958240367034e+08 5.1391056971277030e+03 8.3096278807105809e+03 1.4696886275191407e+05 9.9993210704840418e-01 2.6208754562698661e-05 4.1684197033121172e-05 1.2563949063262460e+05 2.0583465323675263e+08 4.4127092428704946e+03 7.1355496119720174e+03 1.5379850439262736e+05 9.9994172106111778e-01 2.2498256162148646e-05 3.5780682720091344e-05 1.3129505400459931e+05 2.0583042211689848e+08 3.7882450651164399e+03 6.1267287214677772e+03 1.5966290931504886e+05 9.9994996749034915e-01 1.9316931664844674e-05 3.0715577986018984e-05 1.3615063803651658e+05 2.0582678988607961e+08 3.2520958376826929e+03 5.2600588704997117e+03 1.6469795921230735e+05 9.9995704552724962e-01 1.6585168759831228e-05 2.6369303990530845e-05 1.4031901808280699e+05 2.0582367161904907e+08 2.7918927079025534e+03 4.5158181982225797e+03 1.6902067004489194e+05 9.9996312229820827e-01 1.4239066560136184e-05 2.2638635231557469e-05 1.4389748824311447e+05 2.0582099454833105e+08 2.3968529169951166e+03 3.8768521882240129e+03 1.7273174656381214e+05 9.9996833965167031e-01 1.2224522480088535e-05 1.9435825849584339e-05 1.4696959875203608e+05 2.0581869624936610e+08 2.0577213057869053e+03 3.3283029930206981e+03 1.7591772633517403e+05 9.9997281902677460e-01 1.0494908361099465e-05 1.6686064864330547e-05 1.4960702932819465e+05 2.0581672313603804e+08 1.7665741660574276e+03 2.8573758446897673e+03 1.7865291395129357e+05 9.9997666471940361e-01 9.0100012921398572e-06 1.4325279304254545e-05 1.5187128979598326e+05 2.0581502920107201e+08 1.5166199564253973e+03 2.4530826310887219e+03 1.8100109634054967e+05 9.9997996633647768e-01 7.7351919548029012e-06 1.2298471567485881e-05 1.5381517897163832e+05 2.0581357494432896e+08 1.3020309273293151e+03 2.1059929652588999e+03 1.8301703177851115e+05 9.9998280083954139e-01 6.6407515102002247e-06 1.0558408948404355e-05 1.5548402474376999e+05 2.0581232645362726e+08 1.1178039281549970e+03 1.8080127276506332e+03 1.8474772971700178e+05 9.9998523431147790e-01 5.7011582626126354e-06 9.0645302594530592e-06 1.5691674244465237e+05 2.0581125461482972e+08 9.5964333111931967e+02 1.5521936142658039e+03 1.8623354822496680e+05 9.9998732348795616e-01 4.8945036324875123e-06 7.7820084113043249e-06 1.5814674183923253e+05 2.0581033443316561e+08 8.2386108436244285e+02 1.3325704495171174e+03 1.8750913530059083e+05 9.9998911707839011e-01 4.2019795033768293e-06 6.6809421065227988e-06 1.5920270575010788e+05 2.0580954445040038e+08 7.0729088594138022e+02 1.1440219787855640e+03 1.8860423673496343e+05 9.9999065690143474e-01 3.6074387308673889e-06 5.7356598344717209e-06 1.6010925871374892e+05 2.0580886624444219e+08 6.0721441688613254e+02 9.8215148820141758e+02 1.8954438965279263e+05 9.9999197885985724e-01 3.0970184768627325e-06 4.9241216659698308e-06 1.6088754114099397e+05 2.0580828399975482e+08 5.2129796938831737e+02 8.4318432186074551e+02 1.9035151795402385e+05 9.9999311377737088e-01 2.6588170713921632e-06 4.2274055578108249e-06 1.6155570227588451e+05 2.0580778413855773e+08 4.4753802970313916e+02 7.2387988421500143e+02 1.9104444352843959e+05 9.9999408811705293e-01 2.2826166198838639e-06 3.6292663272038597e-06 1.6212932341265451e+05 2.0580735500420839e+08 3.8421455928696417e+02 6.2145608343125991e+02 1.9163932514897347e+05 9.9999492459815520e-01 1.9596448315534483e-06 3.1157570132216555e-06 1.6262178123240464e+05 2.0580698658938152e+08 3.2985088665792432e+02 5.3352446127533847e+02 1.9215003527063265e+05 9.9999564272568886e-01 1.6823705221200993e-06 2.6749037889806560e-06 1.6304455973190788e+05 2.0580667030270717e+08 2.8317927427967157e+02 4.5803450005719810e+02 1.9258848351858268e+05 9.9999625924511604e-01 1.4443280362512121e-06 2.2964268477014714e-06 1.6340751801863976e+05 2.0580639876842645e+08 2.4311135719264897e+02 3.9322580893696875e+02 1.9296489440750954e+05 9.9999678853273344e-01 1.2399665041727511e-06 1.9715007624225429e-06 1.6371912021644638e+05 2.0580616565439352e+08 2.0871276403012610e+02 3.3758707493095915e+02 1.9328804576760059e+05 9.9999724293083925e-01 1.0645204217023341e-06 1.6925487391377434e-06 1.6398663284253140e+05 2.0580596552441341e+08 1.7918132870638613e+02 2.8982082157240899e+02 1.9356547343639898e+05 9.9999763303549027e-01 9.1389853820340092e-07 1.4530659715637614e-06 1.6421629425797125e+05 2.0580579371147242e+08 1.5382838479863847e+02 2.4881315359093614e+02 1.9380364698928664e+05 9.9999796794355433e-01 7.8458846305487360e-07 1.2474679826300795e-06 1.6441346014287742e+05 2.0580564620890525e+08 1.3206270650138435e+02 2.1360778222020130e+02 1.9400812060613048e+05 9.9999825546481347e-01 6.7357476734925524e-07 1.0709604192116469e-06 1.6458272838835052e+05 2.0580551957696092e+08 1.1337672172200882e+02 1.8338372553186565e+02 1.9418366259193135e+05 9.9999850230406206e-01 5.7826867193189262e-07 9.1942726604270185e-07 1.6472804631746304e+05 2.0580541086258876e+08 9.7334675853453703e+01 1.5743616386282744e+02 1.9433436657162459e+05 9.9999871421744346e-01 4.9644768284301291e-07 7.8933487366963120e-07 1.6485280273548723e+05 2.0580531753057402e+08 8.3562470236794582e+01 1.3516000395398382e+02 1.9446374695189521e+05 9.9999889614666937e-01 4.2620376700688209e-07 6.7764956363615921e-07 1.6495990695584900e+05 2.0580523740441713e+08 7.1738938371395150e+01 1.1603576856720380e+02 1.9457482087603028e+05 9.9999905233424957e-01 3.6589886002722666e-07 5.8176689038477165e-07 1.6505185664459728e+05 2.0580516861557820e+08 6.1588356452112194e+01 9.9617482563789139e+01 1.9467017858288757e+05 9.9999918642242025e-01 3.1412666882648552e-07 4.9945091094846076e-07 1.6513079606545114e+05 2.0580510955990288e+08 5.2874013592747275e+01 8.5522272975298733e+01 1.9475204381067236e+05 9.9999930153807470e-01 2.6967987858413509e-07 4.2878204670796926e-07 1.6519856608364743e+05 2.0580505886021367e+08 4.5392691803278311e+01 7.3421440560658226e+01 1.9482232565407976e+05 9.9999940036567891e-01 2.3152199940020967e-07 3.6811232172349640e-07 1.6525674709464016e+05 2.0580501533419439e+08 3.8969927001242773e+01 6.3032794653192937e+01 1.9488266308406825e+05 9.9999948520986970e-01 1.9876319626631236e-07 3.1602693407339556e-07 1.6530669587872119e+05 2.0580497796681857e+08 3.3455940549429165e+01 5.4114072557203542e+01 1.9493446316843410e+05 9.9999955804919705e-01 1.7063953878603976e-07 2.7131126424581017e-07 1.6534957724099106e+05 2.0580494588667914e+08 