ip_logLike_unified = zeros(5,1);
ip_logLike_unified = [-1.58704e+09
-1.58704e+09
-1.58704e+09
-1.58704e+09
-1.58704e+09
];
