ip_logLike_unified = zeros(1,1);
ip_logLike_unified = [-1.58704e+09
];
ip_logLike_unified = zeros(1,1);
ip_logLike_unified = [-1.58704e+08
];
ip_logLike_unified = zeros(5000,1);
ip_logLike_unified = [-1.58704e+08
-5.83398e+06
-5.29257e+06
-5.29257e+06
-5.29257e+06
-5.13316e+06
-5.13316e+06
-3.27099e+06
-3.27099e+06
-3.27099e+06
-3.27099e+06
-3.24225e+06
-3.19843e+06
-3.19843e+06
-3.19843e+06
-3.19843e+06
-3.11659e+06
-3.11659e+06
-3.06e+06
-3.06e+06
-3.06e+06
-3.06e+06
-3.06e+06
-3.06e+06
-3.06e+06
-3.03158e+06
-2.93065e+06
-2.89732e+06
-2.89732e+06
-2.58398e+06
-2.58398e+06
-2.37711e+06
-2.37711e+06
-2.37711e+06
-2.37711e+06
-2.36035e+06
-2.36035e+06
-2.36035e+06
-2.36035e+06
-2.36035e+06
-2.36035e+06
-2.36035e+06
-2.36035e+06
-2.36035e+06
-2.36035e+06
-2.36035e+06
-2.31616e+06
-2.24763e+06
-2.24763e+06
-2.24763e+06
-2.24763e+06
-2.18595e+06
-2.18595e+06
-2.18595e+06
-2.18595e+06
-2.18595e+06
-2.18069e+06
-2.18069e+06
-2.18069e+06
-2.18069e+06
-2.18069e+06
-2.18069e+06
-2.18069e+06
-2.18069e+06
-2.18069e+06
-2.18069e+06
-2.18069e+06
-2.18069e+06
-2.18069e+06
-2.17775e+06
-2.17775e+06
-2.17775e+06
-2.17775e+06
-2.17775e+06
-2.17775e+06
-2.17775e+06
-2.17775e+06
-2.17775e+06
-2.17775e+06
-2.17775e+06
-2.17098e+06
-2.04581e+06
-2.04581e+06
-2.04581e+06
-2.04581e+06
-2.04581e+06
-1.99218e+06
-1.99218e+06
-1.99218e+06
-1.99218e+06
-1.99218e+06
-1.99218e+06
-1.99218e+06
-1.99218e+06
-1.99218e+06
-1.99218e+06
-1.99218e+06
-1.99218e+06
-1.99218e+06
-1.99218e+06
-1.99218e+06
-1.93347e+06
-1.76706e+06
-1.73334e+06
-1.71605e+06
-1.68939e+06
-1.61678e+06
-1.58527e+06
-1.56215e+06
-1.56215e+06
-1.56215e+06
-1.53278e+06
-1.53278e+06
-1.53278e+06
-1.53278e+06
-1.47418e+06
-1.46284e+06
-1.43227e+06
-1.42853e+06
-1.42011e+06
-1.40905e+06
-1.39412e+06
-1.39412e+06
-1.39412e+06
-1.39412e+06
-1.39412e+06
-1.3214e+06
-1.28492e+06
-1.27128e+06
-1.12396e+06
-1.11981e+06
-1.11849e+06
-1.11849e+06
-1.11849e+06
-1.11849e+06
-1.11849e+06
-1.11849e+06
-1.11849e+06
-1.10578e+06
-1.08338e+06
-1.08338e+06
-1.08338e+06
-1.08338e+06
-1.08338e+06
-1.08338e+06
-1.08059e+06
-1.08059e+06
-1.08059e+06
-1.07098e+06
-1.07098e+06
-1.04883e+06
-1.01182e+06
-1.01182e+06
-1.01182e+06
-1.01182e+06
-922744
-858244
-858244
-838010
-831131
-831131
-831131
-831131
-823901
-809899
-809899
-809899
-809899
-801321
-799010
-799010
-799010
-799010
-768541
-754905
-752409
-752409
-747490
-747490
-736282
-735294
-705418
-688417
-683982
-683982
-683982
-683982
-683982
-683982
-674672
-674672
-674672
-674672
-674672
-674672
-674672
-662550
-662550
-662550
-655090
-655090
-655090
-655090
-655090
-655090
-655090
-655090
-655090
-655090
-655090
-655090
-655090
-655090
-653734
-653734
-653734
-653734
-653216
-651336
-650984
-650984
-650984
-650984
-650984
-650984
-650984
-650984
-650984
-650984
-650984
-650984
-650984
-650984
-650984
-650984
-650932
-648242
-648242
-648242
-648242
-648242
-648242
-648242
-646533
-646533
-646533
-646533
-646533
-646533
-646533
-646533
-646533
-646533
-646533
-646533
-646533
-646533
-646533
-646533
-646533
-646533
-646533
-646533
-646533
-646533
-646533
-646533
-646533
-646533
-646533
-646533
-646533
-646533
-646533
-646533
-646533
-646533
-646533
-646533
-646533
-646533
-646533
-646533
-646533
-646533
-646533
-646533
-646533
-646533
-646533
-646533
-646533
-646533
-646533
-646533
-646533
-646533
-646533
-646533
-646533
-646533
-646130
-646130
-646130
-646130
-646130
-646130
-646130
-646130
-646130
-646130
-646130
-646130
-646130
-646130
-646130
-646130
-646130
-646130
-646130
-646130
-646130
-646130
-646130
-646130
-646130
-646130
-646130
-646130
-646130
-646130
-646130
-645596
-645596
-645596
-645596
-645596
-645596
-645596
-645596
-645596
-645596
-645596
-645035
-643320
-643320
-643320
-643320
-643320
-643320
-643320
-643320
-643320
-643320
-643320
-643320
-643320
-643320
-643320
-643320
-643320
-643320
-643320
-643320
-643320
-643320
-643320
-643320
-643320
-643320
-643320
-643320
-643320
-643320
-643320
-643320
-643320
-643320
-643320
-643320
-643320
-643320
-643320
-643320
-643320
-643320
-643320
-643320
-643320
-643320
-643320
-643320
-643320
-643320
-643320
-643320
-643320
-643320
-643320
-643320
-643320
-643320
-643320
-643320
-643320
-643320
-643320
-641011
-641011
-641011
-641011
-641011
-641011
-641011
-641011
-641011
-641011
-641011
-641011
-641011
-641011
-641011
-641011
-641011
-641011
-641011
-641011
-641011
-641011
-641011
-641011
-641011
-640523
-640523
-640523
-640523
-640523
-640523
-640523
-640523
-640523
-640523
-640523
-640523
-640523
-640523
-640523
-640523
-640523
-640523
-640523
-640523
-640523
-639399
-639399
-639399
-639399
-639399
-639399
-639399
-639399
-639399
-639399
-639399
-639399
-639399
-639399
-639399
-639399
-639399
-639399
-639399
-639399
-639399
-639399
-639399
-639399
-639399
-639399
-639399
-639399
-639399
-639399
-639399
-639399
-639399
-639399
-639399
-639399
-639399
-639399
-639399
-639399
-639399
-639399
-639399
-639399
-639399
-639399
-639399
-639399
-639399
-639399
-639399
-639399
-639399
-639399
-639399
-639399
-639399
-639399
-639399
-639399
-639399
-639399
-639399
-639399
-639399
-639399
-639399
-639399
-639399
-639399
-639399
-639399
-639399
-639399
-639399
-639399
-639399
-639399
-639399
-639399
-639399
-639399
-639399
-639399
-639399
-639399
-639399
-639399
-639399
-639399
-639399
-639399
-639399
-639399
-639399
-639399
-639399
-639399
-639399
-639399
-639399
-639399
-639399
-639399
-639399
-639399
-639399
-639399
-639399
-639399
-639399
-639399
-639399
-639399
-639399
-639399
-639399
-639399
-639399
-639399
-639399
-639399
-639399
-639399
-639399
-639399
-639399
-639399
-639399
-639399
-639399
-639399
-639399
-639399
-639399
-639399
-639399
-639399
-639399
-639399
-639399
-639399
-639399
-639399
-639399
-639399
-639399
-639399
-639399
-639399
-639399
-632769
-631555
-630799
-630427
-630427
-630427
-630397
-625312
-625312
-625312
-625312
-625312
-625312
-625312
-625312
-625312
-625312
-625312
-625312
-625312
-625312
-625312
-625312
-625312
-625312
-625312
-625312
-625312
-625312
-625312
-625312
-625312
-625312
-625312
-625312
-625312
-625312
-625312
-625312
-625312
-625312
-625312
-625312
-625312
-625312
-625312
-625312
-625312
-625312
-625312
-625028
-620336
-620336
-620336
-620336
-620336
-620336
-620336
-620336
-620336
-620336
-620336
-618098
-618098
-618098
-618098
-618098
-618098
-618098
-618098
-618098
-618098
-618098
-616482
-616482
-616482
-616482
-605211
-604711
-604034
-604034
-604034
-601965
-599848
-599848
-599848
-599848
-599848
-599848
-599848
-599848
-599848
-599848
-599848
-599848
-599848
-599379
-599379
-599379
-599379
-599379
-599379
-599379
-599379
-599379
-599379
-599180
-599180
-599180
-599180
-598630
-598630
-598630
-598630
-598630
-598630
-598630
-598630
-598630
-596386
-591971
-586419
-586419
-586419
-586419
-586419
-586419
-586419
-586419
-586419
-586419
-586419
-586419
-586419
-586419
-585779
-585779
-585779
-585779
-585779
-585779
-585779
-585779
-585779
-585779
-585779
-585779
-585779
-585779
-585779
-585779
-585779
-585779
-585779
-585779
-585779
-585779
-585779
-585415
-585415
-585415
-585415
-585415
-585415
-585415
-584573
-584573
-584573
-584573
-578313
-575846
-571131
-568923
-568923
-568923
-568923
-566248
-566248
-566248
-563913
-563913
-563913
-563913
-563913
-563913
-563913
-563913
-562069
-561145
-561145
-561145
-561145
-561145
-561145
-561145
-561145
-561145
-561145
-561145
-561145
-561145
-561145
-561145
-561145
-561145
-561145
-561145
-561145
-561145
-561145
-561145
-561145
-561145
-561145
-561145
-561145
-561145
-561145
-561145
-561145
-561137
-561137
-561137
-561137
-561137
-561137
-561137
-561137
-561137
-561137
-561137
-561137
-561137
-561137
-561137
-561137
-561137
-560225
-559542
-559542
-559391
-559391
-559391
-559391
-559391
-559391
-559391
-559391
-559391
-559391
-559391
-559391
-559391
-558139
-558139
-558139
-558139
-558139
-558139
-558139
-558139
-558139
-558139
-557422
-557422
-557422
-557422
-557422
-555502
-555502
-555502
-555502
-555502
-555502
-555502
-555502
